[0 0 0 0]
[0 0 0 0]
[0 0 14 50]
[0 0 30 34]
[0 0 46 18]
[0 0 62 2]
[0 9 55 55]
[0 14 14 50]
[0 25 39 39]
[0 30 30 34]
[0 41 23 23]
[0 46 46 18]
[0 57 7 7]
[0 62 62 2]
[4 60 14 50]
[4 60 30 34]
[4 60 46 18]
[4 60 60 60]
[4 60 62 2]
[7 57 7 7]
[8 8 56 56]
[9 9 55 0]
[9 9 55 32]
[9 9 55 55]
[12 9 55 52]
[12 12 12 52]
[12 25 39 52]
[12 41 23 52]
[12 57 7 52]
[13 13 13 51]
[13 13 51 51]
[14 14 14 50]
[20 44 14 50]
[20 44 30 34]
[20 44 44 44]
[20 44 46 18]
[20 44 62 2]
[23 41 23 23]
[24 24 40 40]
[25 25 39 0]
[25 25 39 32]
[25 25 39 39]
[28 9 55 36]
[28 25 39 36]
[28 28 28 36]
[28 41 23 36]
[28 57 7 36]
[29 29 29 35]
[29 29 35 35]
[30 30 30 34]
[32 9 55 55]
[32 14 14 50]
[32 25 39 39]
[32 30 30 34]
[32 32 14 50]
[32 32 30 34]
[32 32 32 32]
[32 32 46 18]
[32 32 62 2]
[32 41 23 23]
[32 46 46 18]
[32 57 7 7]
[32 62 62 2]
[36 28 14 50]
[36 28 28 28]
[36 28 30 34]
[36 28 46 18]
[36 28 62 2]
[39 25 39 39]
[40 40 24 24]
[41 41 23 0]
[41 41 23 23]
[41 41 23 32]
[44 9 55 20]
[44 25 39 20]
[44 41 23 20]
[44 44 44 20]
[44 57 7 20]
[45 45 19 19]
[45 45 45 19]
[46 46 46 18]
[52 12 12 12]
[52 12 14 50]
[52 12 30 34]
[52 12 46 18]
[52 12 62 2]
[55 9 55 55]
[56 56 8 8]
[57 57 7 0]
[57 57 7 7]
[57 57 7 32]
[60 9 55 4]
[60 25 39 4]
[60 41 23 4]
[60 57 7 4]
[60 60 60 4]
[61 61 3 3]
[61 61 61 3]
[62 62 62 2]
